   2.5316455696202500e-02   2.2784810126582283e-01
   6.3291139240506278e-02   1.8987341772151894e-01
   6.3291139240506278e-02   2.4050632911392406e-01
   8.8607594936708889e-02   2.4050632911392411e-01
   2.5316455696202556e-02   2.5316455696202533e-01
   1.1392405063291144e-01   2.4050632911392400e-01
   5.0632911392405111e-02   2.7848101265822789e-01
   0.0000000000000000e+00   2.2784810126582278e-01
   1.3924050632911389e-01   2.4050632911392400e-01
   5.0632911392405000e-02   2.0253164556962022e-01
   8.8607594936708944e-02   2.1518987341772150e-01
   2.5316455696202556e-02   2.5316455696202533e-01
   7.5949367088607611e-02   2.0253164556962028e-01
   1.3924050632911394e-01   2.6582278481012661e-01
   1.7721518987341772e-01   2.0253164556962028e-01
   2.1518987341772161e-01   2.6582278481012661e-01
   1.1392405063291144e-01   2.4050632911392400e-01
   2.5316455696202500e-02   2.2784810126582283e-01
   1.3924050632911394e-01   1.8987341772151894e-01
   6.3291139240506278e-02   2.6582278481012661e-01
   5.0632911392405111e-02   1.7721518987341767e-01
   5.0632911392405056e-02   2.5316455696202539e-01
   7.5949367088607667e-02   3.0379746835443044e-01
   2.5316455696202500e-02   2.0253164556962028e-01
   2.5316455696202556e-02   2.5316455696202533e-01
   5.0632911392405056e-02   1.7721518987341772e-01
   0.0000000000000000e+00   2.2784810126582278e-01
   3.7974683544303833e-02   2.1518987341772150e-01
   2.5316455696202556e-02   2.0253164556962022e-01
   6.3291139240506278e-02   2.4050632911392406e-01
   6.3291139240506333e-02   2.1518987341772156e-01
   5.0632911392405111e-02   1.7721518987341767e-01
   1.1392405063291139e-01   2.9113924050632906e-01
   1.6455696202531650e-01   2.6582278481012661e-01
   5.0632911392405000e-02   2.0253164556962022e-01
   2.5316455696202500e-02   2.0253164556962028e-01
   7.5949367088607611e-02   1.7721518987341772e-01
   5.0632911392405000e-02   2.0253164556962022e-01
   1.2658227848101261e-01   2.5316455696202528e-01
   1.2658227848101222e-02   2.1518987341772156e-01
   1.2658227848101278e-02   2.4050632911392406e-01
   2.0253164556962028e-01   3.0379746835443039e-01
   1.0126582278481006e-01   2.7848101265822783e-01
   1.2658227848101278e-02   2.4050632911392406e-01
   6.3291139240506278e-02   2.6582278481012661e-01
   7.5949367088607611e-02   2.0253164556962028e-01
   6.3291139240506278e-02   2.6582278481012661e-01
   7.5949367088607611e-02   2.5316455696202539e-01
   7.5949367088607611e-02   2.2784810126582283e-01
   1.2658227848101278e-02   2.1518987341772150e-01
   2.7848101265822783e-01   1.2658227848101272e-01
   2.0253164556962028e-01   5.0632911392405167e-02
   2.7848101265822789e-01   1.0126582278481022e-01
   2.0253164556962028e-01   1.7721518987341772e-01
   2.6582278481012661e-01   3.7974683544303833e-02
   1.6455696202531650e-01   8.8607594936708833e-02
   1.7721518987341772e-01   5.0632911392405056e-02
   1.3924050632911389e-01   2.4050632911392400e-01
   2.6582278481012656e-01   3.7974683544303778e-02
   1.1392405063291139e-01   1.6455696202531639e-01
   1.7721518987341769e-01   2.7848101265822778e-01
   1.6455696202531650e-01   6.3291139240506278e-02
   2.7848101265822783e-01   1.2658227848101261e-01
   2.0253164556962022e-01   2.5316455696202556e-02
   1.3924050632911389e-01   8.8607594936708889e-02
   2.5316455696202533e-01   7.5949367088607667e-02
   1.2658227848101261e-01   1.0126582278481017e-01
   1.8987341772151894e-01   8.8607594936708833e-02
   3.0379746835443039e-01   1.0126582278481006e-01
   1.8987341772151894e-01   1.3924050632911394e-01
   1.3924050632911394e-01   8.8607594936708833e-02
   2.1518987341772150e-01   3.7974683544303833e-02
   2.7848101265822783e-01   5.0632911392405056e-02
   2.1518987341772150e-01   3.7974683544303833e-02
   2.4050632911392411e-01   1.2658227848101333e-02
   2.5316455696202528e-01   5.0632911392405056e-02
   3.0379746835443039e-01   7.5949367088607611e-02
   2.6582278481012661e-01   6.3291139240506389e-02
   1.8987341772151900e-01   3.7974683544303778e-02
   1.8987341772151900e-01   1.1392405063291133e-01
   1.8987341772151900e-01   1.6455696202531644e-01
   1.8987341772151900e-01   1.6455696202531644e-01
   1.8987341772151894e-01   8.8607594936708833e-02
   2.1518987341772150e-01   6.3291139240506278e-02
   1.0126582278481017e-01   1.2658227848101261e-01
   1.2658227848101267e-01   1.0126582278481011e-01
   2.5316455696202533e-01   7.5949367088607667e-02
   3.0379746835443039e-01   7.5949367088607611e-02
   1.2658227848101261e-01   1.0126582278481017e-01
   1.7721518987341772e-01   1.5189873417721517e-01
   1.6455696202531644e-01   1.3924050632911389e-01
   1.8987341772151894e-01   3.7974683544303833e-02
   2.0253164556962022e-01   1.0126582278481011e-01
   1.3924050632911394e-01   2.4050632911392406e-01
   1.6455696202531639e-01   1.1392405063291139e-01
   1.3924050632911394e-01   8.8607594936708833e-02
   1.5189873417721522e-01   7.5949367088607556e-02
   2.1518987341772156e-01   1.2658227848101222e-02
   1.2658227848101261e-01   2.0253164556962028e-01
   1.6455696202531650e-01   8.8607594936708833e-02
   1.7721518987341772e-01   5.0632911392405056e-02
   1.8987341772151894e-01   8.8607594936708833e-02
   3.1645569620253161e-01   1.1392405063291139e-01
   2.2784810126582278e-01   0.0000000000000000e+00
   2.4050632911392406e-01   3.7974683544303833e-02
   3.7974683544303794e-01   1.7721518987341772e-01
   1.2658227848101261e-01   2.2784810126582272e-01
   3.5443037974683544e-01   1.2658227848101267e-01
   3.2911392405063294e-01   1.0126582278481017e-01
   3.0379746835443044e-01   2.0253164556962033e-01
   2.1518987341772150e-01   6.3291139240506389e-02
   2.6582278481012661e-01   3.7974683544303833e-02
   2.7848101265822783e-01   7.5949367088607611e-02
   2.0253164556962028e-01   1.2658227848101261e-01
   1.7721518987341772e-01   7.5949367088607611e-02
   2.0253164556962028e-01   5.0632911392405167e-02
   2.4050632911392406e-01   3.7974683544303833e-02
   3.9240506329113928e-01   2.9113924050632917e-01
   4.4303797468354433e-01   2.1518987341772156e-01
   2.7848101265822783e-01   1.2658227848101261e-01
   2.6582278481012661e-01   1.1392405063291150e-01
   1.5189873417721517e-01   1.0126582278481017e-01
   4.1772151898734183e-01   1.8987341772151906e-01
   2.5316455696202528e-01   2.5316455696202500e-02
   2.2784810126582283e-01   1.0126582278481017e-01
   3.0379746835443039e-01   1.5189873417721528e-01
   2.2784810126582283e-01   2.5316455696202500e-02
   1.8987341772151894e-01   3.7974683544303833e-02
   2.5316455696202539e-01   2.5316455696202611e-02
   3.2911392405063294e-01   1.2658227848101272e-01
   3.7974683544303806e-01   1.5189873417721528e-01
   4.1772151898734183e-01   3.1645569620253172e-01
   2.5316455696202539e-01   2.5316455696202611e-02
   2.4050632911392406e-01   1.2658227848101278e-02
   2.4050632911392400e-01   6.3291139240506333e-02
   3.9240506329113928e-01   1.8987341772151906e-01
   1.6455696202531644e-01   6.3291139240506333e-02
   2.1518987341772156e-01   3.7974683544303889e-02
   1.7721518987341772e-01   5.0632911392405056e-02
   2.7848101265822789e-01   1.0126582278481022e-01
   2.5316455696202533e-01   7.5949367088607667e-02
   2.7848101265822789e-01   1.0126582278481022e-01
   1.8987341772151894e-01   8.8607594936708833e-02
   2.5316455696202528e-01   1.0126582278481017e-01
   2.2784810126582283e-01   1.0126582278481017e-01
   2.6582278481012661e-01   6.3291139240506389e-02
   2.7848101265822783e-01   5.0632911392405056e-02
   2.4050632911392406e-01   3.7974683544303833e-02
   1.5189873417721522e-01   7.5949367088607556e-02
   1.6455696202531650e-01   6.3291139240506278e-02
